5 3
1 2 3 1 1
10 3
2 1 2 3 4 1 1 1 4 1
1 1
1
5 3
1 1 1 1 1
5 3
1 2 3 4 5
5 3
5 4 3 2 1
8 4
1 2 3 1 1 1 4 5
8 4
5 4 1 1 1 3 2 1
4 4
2 4 3 5
636 506
414014345 224294409 763487921 144819795 333880094 432785743 503437485 821193859 173850937 631101908 194082287 147032214 489711016 816519791 226387216 201171725 312028548 807068574 576971307 666276717 382533520 799948060 771732109 864964311 491438506 570322906 888450852 772392858 604266121 984112159 278629998 865348571 817711692 637326597 890750804 386404513 63235112 104086417 774342415 861611276 679531331 974199987 933256359 760413487 756330530 569593353 991198780 620638384 755824707 560339345 109426726 946627367 852700735 326053804 507731042 184285961 809596389 313616341 208203954 720971141 566211044 212573503 578542101 783216818 276241371 644173120 453840454 786817114 238925637 708616359 274116603 712471043 909436123 98232177 518733147 883245402 32659306 713083968 27326015 159610974 898306391 585529664 777139576 615066909 908260732 840734033 243562609 281764293 305369662 89680705 586012294 562740981 726296951 312801229 430284802 902845088 478442951 305879369 580267935 482641788 687785427 592723183 227409650 780487175 482598582 10711548 837692711 612049592 337954627 435486060 708105028 938203928 617439141 677385389 888306976 259459691 944429070 203716166 652752619 959205492 259484249 546523409 742615474 225767767 621876976 115021982 106211584 91803845 230715697 460927818 770688531 325239179 160318778 843451411 424715514 321628005 252504389 1157391 31994878 828540466 974524216 571982709 956898466 819907870 820704424 680953133 870079106 862114045 592166941 422471916 929938888 693093395 115152965 43849521 586902760 962584869 825386312 553822142 875144902 774935702 505241622 789689452 577700832 42027623 226242517 7943153 218349768 618790927 795344974 734229197 34052207 920321444 246552420 475813052 173106743 682230718 252766126 550201102 529674246 115875273 943763216 42357592 490453980 876155704 433719203 138991400 339445442 672529662 316485375 422231021 497207659 677560902 773367227 807169252 276958586 46278067 642216736 770777331 609647004 311004508 357308673 417742089 761483519 475719082 884844515 595373184 818193224 337456321 47460202 22522533 201666484 963710800 33603627 471723068 636405224 3593128 192651790 52404779 127821121 192830128 200083249 486704883 634494848 209160098 305298168 976676421 376582453 743659158 766924488 554556265 729190300 232562857 633044267 670313021 651202609 309920394 196966926 892245100 125898428 498665860 251514165 666588517 882677515 169277050 8068189 146666021 797242207 825031042 266184239 658279773 493211424 929221420 683831704 572104456 459402851 503386648 299638887 109999487 936604296 563875527 802476458 727561739 787506134 729115362 307021502 223237470 265493928 396269457 116084211 548662983 480510066 243025145 15521118 431425293 683189628 251085176 166155193 121876911 351296975 62125390 979273803 460577355 189105962 671394814 816010114 885113273 383206573 548462108 396605879 509689115 770362732 164898203 353333039 155888887 684065978 13769193 451877211 952927385 373840727 4274646 647144115 17765375 901709382 293318888 776441595 367752280 522564594 489293502 207094929 396592516 476596411 797770064 618374214 195969331 131141171 466516071 68397765 850512522 42759991 166719125 989732722 340734488 178017629 700113217 806594518 871852640 719522841 719122025 992674075 378766301 212075641 633634864 10432814 995455216 20308229 918150980 514588729 561788904 172711795 880446757 103306780 407270312 579553875 662524273 589142537 105373065 52193805 239036142 524579620 211584791 737653835 135060507 209461866 276060853 248621110 376500350 710501741 414180500 562595098 454233252 694851365 141209764 398466424 275159067 428045705 631715152 355983952 985096653 677909078 41935239 751693457 627722403 803827292 798912781 227895563 998915884 268180982 7889497 916473711 757534905 471334823 477784023 900522052 383942246 293644879 383750796 361152177 758960031 120741048 925725992 431583476 371100591 67451933 965607524 958308837 584021252 611209635 534033261 916071023 975484326 657925113 43914031 273684682 803293890 658675697 20383000 694280186 345604986 277940506 417487172 213195607 373767130 967401611 827595346 350742115 319771424 78163094 994647257 444513298 317229273 308649824 926383383 899595768 318009852 960562423 338359944 920225689 230651872 384904394 545311128 194360957 22659948 460220457 576162785 132510199 191527537 41044658 832699124 931366264 182773232 731300668 646078495 26874532 863764696 499470227 991681117 976623000 346496364 10350910 485626073 501462972 516716874 584862859 178431807 576718343 413461480 453830503 216064662 302616163 992073272 543419972 282671177 176962412 190691808 255122487 345220311 291105220 579638203 131923400 76945813 659652003 968642751 373104174 483876148 191649834 705972355 577787056 13612329 509581177 620444787 220730634 534596851 152015307 206179954 292484492 673814669 397184615 242245970 170270979 935285719 66898555 624026102 75927521 509485241 151285687 663818868 448005563 727561971 731208285 301672013 490739671 103879230 833849932 853250198 753420318 738672128 355101194 767872724 472229956 278006393 278033288 150272585 150038473 719865293 202378551 810075929 955903762 601313391 182348055 645141887 435046103 221282986 163713563 562845296 390260259 230351272 413860766 187661687 190815903 119416907 273038927 600295490 13662989 115947577 423428426 832350775 86947428 995103423 38457934 851441425 559722196 526663644 244449384 732883649 647231786 105253935 873004471 407130722 295577346 461969501 354271315 808311772 567751619 53760133 88719615 299269995 326302448 395454439 765383405 150497431 850388745 552997841 158775379 359564396 835199600 629135985 618140573 5722705 40025453 54530653 288272663 298550613 566649849 498085147 737323429 182200472 308282934 113888812 760604393 646047552 574980664 990622915 477639420 930038011 745575511 298494645 150749372 991248954 482686983 349302076 459915665 839423926 14004884 808210773 859498867 629780478 34832154 896252122 221926734 452771002 278193543 814591207 693434558 560138720 838948012 749874095 981874266 317795383 170314012 845983069 977854846 861319786 898013536 919807972 415440380 825927489 1386981 321808074 82874988 150207293 74250218 307052582 724902925 573583262 300888893 953420084 231508061 99752934 701497478 313277913 307310855 293542675 633354619 843331239 953899571 258296113
