100
4
10 5 15 5
2
100 100
8
81 81 81 81 81 81 81 0
6
23 90 40 0 100 9
2
0 0
10
100 0 100 0 100 0 100 0 100 0
10
100 100 100 100 100 100 100 100 100 0
5
42 95 84 95 85
6
79 7 11 20 20 66
7
27 94 81 43 89 49 75
8
67 35 1 74 79 59 91 51
9
48 59 38 68 11 36 78 54 38
10
9 57 25 5 60 13 76 86 0 7
10
99 18 5 37 69 98 33 25 66 80
10
89 94 61 69 73 62 93 51 24 69
10
23 73 12 99 73 40 34 4 47 98
10
12 40 53 14 52 29 58 19 58 52
10
23 95 78 67 7 72 88 11 54 80
10
92 73 32 82 60 99 90 15 46 15
10
29 99 79 13 54 66 15 76 49 41
10
81 82 18 23 90 55 26 8 22 42
10
24 59 98 39 43 56 94 45 10 97
10
68 7 55 36 96 14 34 2 53 34
10
63 57 50 21 52 80 36 61 46 70
10
47 39 58 66 88 99 21 87 77 84
10
53 84 22 73 52 77 81 55 37 23
10
52 61 53 26 65 52 65 80 13 46
10
28 98 37 85 20 21 78 55 71 11
10
98 59 23 4 96 40 71 50 43 1
10
27 10 90 76 18 61 56 86 18 40
10
66 31 60 69 44 45 59 41 77 59
10
21 54 96 6 82 93 3 96 35 23
10
32 29 6 28 18 56 93 84 31 21
10
86 15 60 62 90 48 23 67 22 38
10
42 8 35 89 14 59 68 37 67 6
10
69 90 23 14 59 70 58 12 28 45
10
62 82 1 28 86 5 41 9 90 84
10
13 3 2 92 58 37 28 39 90 51
10
23 41 52 70 63 49 59 26 43 82
10
42 55 38 59 0 47 8 98 57 18
10
79 57 27 44 31 76 36 49 14 59
10
34 16 46 50 40 29 89 36 12 27
10
24 34 30 78 12 45 29 17 90 96
10
51 70 5 47 4 62 75 28 96 54
10
21 5 94 88 40 23 55 11 20 87
10
95 80 54 41 10 87 43 20 70 16
10
22 57 91 83 91 66 18 61 97 9
10
95 70 84 69 53 86 81 2 12 30
10
49 33 52 87 51 41 24 80 51 61
10
56 95 43 83 87 39 19 80 47 78
10
81 21 49 50 90 78 52 6 45 1
10
55 29 19 96 8 5 69 0 60 29
10
50 45 47 65 88 70 14 47 9 22
10
73 27 89 69 56 84 70 42 49 14
10
99 57 67 8 26 33 21 16 70 4
10
21 41 15 88 57 38 78 3 13 16
10
78 40 66 48 40 56 35 11 92 16
10
51 64 96 89 50 79 10 41 71 30
10
50 1 38 28 36 93 9 55 22 95
10
38 93 1 5 93 58 25 91 23 57
10
57 86 50 80 48 79 85 39 79 20
10
67 46 34 70 38 6 77 69 14 60
10
43 49 66 70 33 61 41 35 50 6
10
73 35 97 43 82 57 90 99 69 76
10
91 33 43 5 90 58 6 11 85 19
10
39 27 34 7 20 82 92 28 49 67
10
79 95 41 58 99 72 81 94 52 83
10
53 8 14 3 8 19 99 13 68 31
10
64 14 42 31 81 9 20 88 43 14
10
96 14 69 19 19 26 15 44 53 93
10
38 10 14 79 64 86 42 46 11 51
10
47 32 55 48 37 54 31 43 71 67
10
50 40 50 31 11 9 32 72 96 68
10
26 30 82 99 43 92 90 90 36 24
10
51 18 7 80 96 2 1 42 33 42
10
23 86 93 42 37 76 56 74 67 37
10
79 25 53 91 52 43 34 51 32 72
10
94 52 8 39 41 59 55 14 73 30
10
73 5 25 95 93 26 76 52 78 53
10
34 21 28 41 13 94 80 69 22 94
10
61 63 88 89 4 38 11 90 66 41
10
18 91 69 25 66 90 3 51 92 19
10
7 66 13 68 86 25 85 78 46 33
10
92 10 31 13 94 20 83 56 14 37
10
85 96 96 39 26 43 11 98 19 68
10
60 59 30 23 88 68 13 89 30 84
10
29 74 72 20 1 90 81 97 19 30
10
17 41 62 22 19 63 79 77 77 75
10
24 52 42 46 1 6 33 37 18 1
10
25 62 53 14 99 61 24 12 23 84
10
64 20 19 29 74 68 36 1 40 3
10
69 65 73 2 74 72 16 63 13 55
10
17 19 12 94 24 69 31 53 63 50
10
9 19 76 25 32 72 32 38 39 93
10
8 94 83 28 76 88 42 51 79 34
10
2 34 42 33 4 9 38 3 0 43
10
54 2 85 54 26 50 17 34 60 68
10
72 39 98 32 72 57 15 30 42 45
10
90 22 40 75 23 97 52 13 47 83
10
14 87 17 9 66 46 66 53 16 70
