100
2 4
10 5
3 12
7 7 7
3 12
4 2 1
5 1000000000
25 25 25 25 25
2 2
1 1
5 5
1 1 1 1 1
5 448257424
1 2 3 4 5
5 915742169
18 7 21 11 25
5 594639178
22 22 22 22 22
5 13904618
2 2 2 2 2
5 123809500
14 14 14 14 14
5 630139049
25 25 25 25 25
5 864814933
4 4 4 4 4
5 360057207
16 16 16 16 16
5 550657926
17 17 17 17 17
5 789001083
8 8 8 8 8
5 818334324
11 11 11 11 11
5 845741847
20 20 20 20 20
5 792222342
7 7 7 7 7
5 362322731
16 16 16 16 16
5 735682569
16 16 16 16 16
5 826850028
5 5 5 5 5
5 995248711
22 22 22 22 22
5 499179446
4 4 4 4 4
5 39165589
12 12 12 12 12
5 173715473
16 16 16 16 16
5 463494837
21 21 21 21 21
5 135907049
22 22 22 22 22
5 107092235
1 1 1 1 1
5 951664781
20 20 20 20 20
5 877230440
11 11 11 11 11
5 39368778
15 15 15 15 15
5 301061722
25 25 25 25 25
5 163575788
1 2 3 4 5
5 878429730
1 2 3 4 5
5 10526059
1 2 3 4 5
5 905016007
1 2 3 4 5
5 455882910
1 2 3 4 5
5 28088641
1 2 3 4 5
5 401467410
1 2 3 4 5
5 455530171
1 2 3 4 5
5 877235106
1 2 3 4 5
5 353058446
1 2 3 4 5
5 235857666
1 2 3 4 5
5 462523776
1 2 3 4 5
5 930640790
1 2 3 4 5
5 826028349
1 2 3 4 5
5 203019496
1 2 3 4 5
5 185265522
1 2 3 4 5
5 477784083
1 2 3 4 5
5 807254693
1 2 3 4 5
5 776397731
1 2 3 4 5
5 553896700
1 2 3 4 5
5 352932536
1 2 3 4 5
5 158806746
1 2 3 4 5
5 567634298
1 2 3 4 5
5 675127646
1 2 3 4 5
5 926877010
1 2 3 4 5
5 360445464
15 14 22 20 19
5 238895666
6 16 25 25 23
5 938588631
7 1 13 20 18
5 34573001
22 1 2 13 15
5 812083128
21 25 7 11 22
5 866944338
20 6 22 9 22
5 838877864
16 20 25 3 22
5 827252434
9 5 22 16 17
5 561418903
19 13 7 24 9
5 430226859
10 18 1 21 21
5 25738604
2 5 23 7 2
5 542892694
19 4 7 18 12
5 101883747
13 1 11 11 21
5 569163036
1 12 20 15 22
5 45487768
14 16 11 4 9
5 2281659
22 1 19 8 18
5 163090469
1 5 23 24 2
5 330452080
13 2 22 11 17
5 2007309
16 12 1 15 20
5 552092355
3 7 14 5 20
5 967948234
9 11 1 13 16
5 593425975
24 20 18 15 3
5 820919894
17 23 22 3 14
5 556200187
19 19 11 17 1
5 102245214
19 7 11 12 20
5 618857584
17 11 10 25 10
5 392578282
13 25 9 11 4
5 154226561
11 17 19 15 16
5 387899930
3 10 21 21 10
5 552800966
12 10 15 17 20
5 430919024
5 12 10 14 18
5 951659863
19 2 16 16 2
5 718520644
2 16 7 2 4
5 354811275
3 22 6 16 13
5 241033267
9 20 15 25 7
5 855848634
9 22 19 14 11
5 1331226
7 1 12 14 25
5 264335973
4 13 10 9 17
5 49957967
11 24 17 6 6
5 992996143
11 16 24 1 17
5 607775139
12 21 21 22 23
5 228476830
20 5 24 15 20
