100
2 051
6 1305824
1 11
6 0847702
2 101
3 4001
6 4000121
4 43999
0 1
2 601
4 11111
4 22212
6 5087828
6 0000081
6 2060001
1 09
6 4000302
6 0221022
0 1
6 1111201
6 2012111
6 0000001
0 1
5 406001
5 620911
6 0000001
6 0001002
6 1122011
0 1
6 0002007
6 6009001
3 0001
1 53
6 1020211
4 00001
6 3002821
5 000091
6 0000001
6 4807601
6 0080001
1 09
5 800001
6 0000701
0 1
6 0005441
6 7839923
6 3300481
6 0000001
6 1000051
6 0451926
6 0004041
0 1
5 900601
0 1
3 4001
5 000901
6 0000001
0 8
6 2210121
5 110011
0 9
6 6833849
3 0001
6 9000001
6 4050001
6 0040007
6 0102212
6 7375146
6 7000001
5 614693
3 2301
0 1
6 0000471
6 0100221
6 4000081
6 0000001
6 6035774
0 2
0 1
6 9999999
6 7000001
6 0000001
6 8000001
1 67
6 0042001
6 0000001
2 201
6 1111111
2 102
2 222
6 0000001
6 1211021
6 4795892
6 2011111
0 1
6 2319351
6 0000081
2 211
4 10001
6 3666305
