100
494.05709 1.47407 1996.37631
141.0 2.0 938.0
493.30881 1.40480 1981.46686
498.24742 1.22331 1992.22468
471.00000 2.00000 942.00000
1.05540 3.68035 1999.65208
491.91548 1.17560 1959.83700
493.07419 1.25586 1904.51798
493.96650 1.22035 1915.43991
45.00000 2.00000 90.00000
41.35634 3.00185 1872.58908
495.59753 1.13747 1997.44892
89.40439 3.06188 1706.53490
382.49533 2.0 1.0000
187.91 1.0 905.522
234.88088 1.7 1787.3
5.5901 4.00 667.0
333.0 2.88940 1308.05
396.57988 2.47954 1944.88178
457.99477 1.08631 491.28257
242.0 2.0 425.0
495.21357 1.28258 1967.65104
107.53 2.71 56.6286
113.71250 1.0 168.875
22.67143 2.78177 815.82528
37.80806 3.56190 1280.72821
494.28683 1.05406 1992.28245
490.31963 1.21140 1931.73013
120.0 2.0 1523.0
490.17925 1.33227 1925.28888
328.0 1.0 363.0
486.00000 1.00000 515.00000
495.13764 1.14956 1978.44146
497.56249 1.26032 1934.59241
497.95065 1.28970 1967.19275
493.26720 1.48777 1982.06096
221.1958 3.0 667.0
500.0 1.3 436.113
59.24 3.2 483.95
7.70 3.29889 1759.0
393.0 3.80057 1439.9
494.61203 1.48189 1956.39275
93.52159 3.47684 108.16254
117.69741 3.34275 913.03497
492.51256 1.36952 1958.01822
498.43328 1.17492 1930.21169
1.00000 3.253 511.81400
374.01639 2.39359 1205.90223
498.15677 3.02913 180.77666
22.99 1.6 301.4053
394.0 2.0 1411.0
413.00000 1.00000 429.00000
420.00000 2.00000 470.00000
490.22706 1.09961 1919.10944
138.4462 2.8431 536.29451
490.41198 1.12055 1988.05702
1.10318 3.82564 3.02508
110.5798 2.0852 2000.0
498.68182 1.45135 1922.95548
261.865 1.0782 270.381
493.21913 1.08168 1931.87193
80.75460 1.01369 1976.81710
208.00000 2.00000 416.00000
490.19951 1.44278 1937.48924
357.0 4.0 1789.0
466.0 2.0 104.0
114.85157 3.32055 110.98881
1.00018 3.63062 1999.04839
309.8391 1.00 1134.0
235.632 2.0 1727.3
500.0 4.0 1858.0
481.00000 2.00000 962.00000
376.0 2.0 1469.0
490.72621 1.14697 1958.35869
403.04448 3.22108 1169.50599
5.76447 1.98327 112.54084
496.61617 1.01507 1963.68115
1.06229 3.46554 1999.35156
411.00000 3.00000 443.00000
462.27702 3.62531 1213.84169
108.0 1.0 46.0
216.0 1.0 1807.0
49.0 2.0 417.0
496.59444 1.13353 1929.51854
491.23391 1.19043 1965.94404
1.08842 3.85426 1999.50730
498.54682 1.23571 1988.70541
454.50270 2.81726 419.27952
203.51040 2.52086 345.90010
330.0 3.0 277.0
495.71815 1.26639 1953.71906
491.83878 1.20103 1925.01341
491.05450 1.06730 1900.71026
349.61552 2.49883 13.69906
268.94937 1.54763 453.03564
98.12183 3.38821 177.50526
490.24133 1.24229 1913.79411
492.70985 1.21880 1907.19702
498.90596 1.02033 1949.13959
496.91856 1.26258 1998.09031
